Batch Size  IoU (%)  Dice Coefficient (%)  Precision (%)  Recall (%)  Loss

4            94.85          97.22             98.39        98.59      0.0094
             94.71          97.18             98.54        98.54      0.0087
             95.63          97.70             98.76        98.80      0.0076

             
8            96.11          97.96             98.68        98.90      0.0056
             95.51          97.63             98.69        98.76      0.0079
             96.73          98.31             98.90        99.26      0.0060


12           93.34          96.38             97.61        98.26      0.0062
             89.39          93.15             97.30        97.34      0.0152
             92.40          95.78             97.43        98.31      0.0124



  
