Learning rate  IoU (%)  Dice Coefficient (%)  Precision (%)  Recall (%)  Loss

9e-1            80.97          88.11             94.00        91.29      0.1879
                77.13          84.15             92.90        92.99      0.3213
                73.06          81.25             90.89        89.14      0.2560

             
9e-2            77.75          85.39             92.05        91.91      0.0712
                80.91          87.29             94.71        94.03      0.0617
                84.39          89.98             95.19        92.21      0.0520


9e-3            93.77          96.65             97.87        98.04      0.0119
                92.21          95.59             97.59        98.13      0.0123
                92.36          95.72             97.75        98.07      0.0115


9e-4            94.33          96.98             97.75        98.56      0.0118
                92.51          95.92             97.40        98.26      0.0138
                91.59          95.29             97.39        97.95      0.0143


9e-5            56.39          67.94             60.75        98.66      0.3164
                91.01          71.82             72.08        94.52      0.1594
                57.19          68.35             64.27        97.97      0.2455


5e-3            95.87          96.65             97.87        98.04      0.008
                96.05          97.94             98.84        98.76      0.0072
                94.03          96.71             98.22        98.48      0.0094


  
